16,94
16,93
16,92
16,91
16,90
16,89
16,88
16,87
16,86
16,85
16,84
16,83
16,82
16,81
16,80
16,79
16,78
16,77
16,76
16,75
16,74
16,73
16,72
16,71
16,70
16,69
16,68
16,67
16,66
16,65
16,64
16,37
16,36
16,35
16,34
16,33
16,32
16,31
16,30
16,29
16,28
16,27
16,26
16,25
16,24
16,23
16,22
16,21
16,20
16,19
16,18
16,17
16,16
16,15
16,14
16,13
16,12
16,11
16,10
16,9
16,8
16,7
16,6
18,8
18,7
18,6
18,5
18,4
18,3
18,2
18,1
18,0
17,5
17,4
17,3
17,2
17,1
17,0
16,5
16,4
16,3
16,2
16,1
16,0
15,8
15,7
15,6
15,5
15,4
15,3
15,2
15,1
15,0
14,5
14,4
14,3
14,2
14,1
14,0
13,4
13,3
13,2
13,1
13,0
12,5
12,4
12,3
12,2
12,1
12,0
11,5
11,4
11,3
11,2
11,1
11,0
10,5
10,4
10,3
10,2
10,1
10,0
9,5
9,4
9,3
9,2
9,1
9,0
8,6
8,5
8,4
8,3
8,2
8,1
8,0
0,9
7,3
5,3
4,3
3,2
2,2
1,2
1,45
3,44
2,44
1,44
3,43
2,43
1,43
3,42
2,42
1,42
3,41
2,41
1,41
3,40
2,40
1,40
3,39
2,39
1,39
3,38
2,38
1,38
3,37
2,37
1,37
3,36
2,36
1,36
3,35
2,35
1,35
3,34
2,34
1,34
3,33
2,33
1,33
3,32
2,32
1,32
3,31
2,31
1,31
3,30
2,30
1,30
3,29
2,29
1,29
3,28
2,28
1,28
3,27
2,27
1,27
3,26
2,26
1,26
3,25
2,25
1,25
3,24
2,24
1,24
3,23
2,23
1,23
3,22
2,22
1,22
3,21
2,21
1,21
3,20
2,20
1,20
3,19
2,19
1,19
3,18
2,18
1,18
3,17
2,17
1,17
3,16
2,16
1,16
3,15
2,15
1,15
3,14
2,14
1,14
3,13
2,13
1,13
3,12
2,12
1,12
3,11
2,11
1,11
3,10
2,10
1,10
3,9
2,9
1,9
3,8
2,8
1,8
3,7
2,7
1,7
3,6
2,6
1,6
3,5
2,5
1,5
3,4
2,4
1,4
3,3
3,0
2,3
2,0
1,3
1,0
0,6
0,0
0,47
0,46
0,49
0,48
0,45
0,12
0,10
0,8
0,11
0,5
0,7
0,4
0,3
